2.000000000000000000e+00 9.441116153202755326e-16
2.219191919191919027e+01 5.119495996402135347e-22
4.238383838383838054e+01 1.093419689825591935e-23
6.257575757575757081e+01 1.104287539605721165e-24
8.276767676767676107e+01 2.182277744567597905e-25
1.029595959595959584e+02 6.399074106020352154e-26
1.231515151515151416e+02 2.389130474784416739e-26
1.433434343434343248e+02 1.088734583625203906e-26
1.635353535353535221e+02 5.578022029627923666e-27
1.837272727272727195e+02 3.223971321004460642e-27
2.039191919191919169e+02 2.052551966232881777e-27
2.241111111111110858e+02 1.390544676292975096e-27
2.443030303030302832e+02 9.878175998463457769e-28
2.644949494949494806e+02 7.290148127251785961e-28
2.846868686868686495e+02 5.402629887504943975e-28
3.048787878787878753e+02 3.997882508714509506e-28
3.250707070707070443e+02 2.917072927225957878e-28
3.452626262626262132e+02 2.077142186336614198e-28
3.654545454545454390e+02 1.479481691729386521e-28
3.856464646464646080e+02 1.043532077310529824e-28
4.058383838383838338e+02 7.267990163127907114e-29
4.260303030303030027e+02 5.161704704987852354e-29
4.462222222222221717e+02 3.713761548420898297e-29
4.664141414141413975e+02 2.777787328286226010e-29
4.866060606060605664e+02 2.111908323005301487e-29
5.067979797979797354e+02 1.680550268364390203e-29
5.269898989898989612e+02 1.369798378691589924e-29
5.471818181818181301e+02 1.165087011339809483e-29
5.673737373737372991e+02 1.009421380182029121e-29
5.875656565656564680e+02 8.961926559266106273e-30
6.077575757575757507e+02 8.001686347672932483e-30
6.279494949494949196e+02 7.156292450194847212e-30
6.481414141414140886e+02 6.325476324294067583e-30
6.683333333333332575e+02 5.480362626217670459e-30
6.885252525252524265e+02 4.688379963037740081e-30
7.087171717171717091e+02 3.902685556058479560e-30
7.289090909090908781e+02 3.242654117860611180e-30
7.491010101010100470e+02 2.701192526450790327e-30
7.692929292929292160e+02 2.223223957385051129e-30
7.894848484848483849e+02 1.864908558812814935e-30
8.096767676767676676e+02 1.572632617477489825e-30
8.298686868686868365e+02 1.367395389099566478e-30
8.500606060606060055e+02 1.215678958299143585e-30
8.702525252525251744e+02 1.093355008643510371e-30
8.904444444444443434e+02 9.975468257610156370e-31
9.106363636363635123e+02 9.431853044931448834e-31
9.308282828282827950e+02 8.624345693369171999e-31
9.510202020202019639e+02 7.912659746913948533e-31
9.712121212121211329e+02 7.159926726249444326e-31
9.914040404040403018e+02 6.264846003216919240e-31
1.011595959595959471e+03 5.421691026734648521e-31
1.031787878787878753e+03 4.638246741605949209e-31
1.051979797979797922e+03 3.926768601231422261e-31
1.072171717171717091e+03 3.327488307115412207e-31
1.092363636363636260e+03 2.902381820157481730e-31
1.112555555555555429e+03 2.464493872947175047e-31
1.132747474747474598e+03 2.217497879049025438e-31
1.152939393939393767e+03 2.026470859152868837e-31
1.173131313131312936e+03 1.905796129637939680e-31
1.193323232323232332e+03 1.829068053303751040e-31
1.213515151515151501e+03 1.813237012692565394e-31
1.233707070707070670e+03 1.792543463343309206e-31
1.253898989898989839e+03 1.795531829929510888e-31
1.274090909090909008e+03 1.738739257327167062e-31
1.294282828282828177e+03 1.647123583089745167e-31
1.314474747474747346e+03 1.530367546398990802e-31
1.334666666666666515e+03 1.413184516086038705e-31
1.354858585858585684e+03 1.291113244140234418e-31
1.375050505050504853e+03 1.159085683840491986e-31
1.395242424242424022e+03 1.063191443064029663e-31
1.415434343434343418e+03 9.838476352827758526e-32
1.435626262626262587e+03 9.519417033045028552e-32
1.455818181818181756e+03 9.135377894164656071e-32
1.476010101010100925e+03 8.580243111212807294e-32
1.496202020202020094e+03 8.911371197678025225e-32
1.516393939393939263e+03 8.541108617319593624e-32
1.536585858585858432e+03 8.535202452007439114e-32
1.556777777777777601e+03 8.179589013376369503e-32
1.576969696969696770e+03 7.469792981187377284e-32
1.597161616161615939e+03 6.825805818246355981e-32
1.617353535353535335e+03 5.825936138482546722e-32
1.637545454545454504e+03 4.722212954577084988e-32
1.657737373737373673e+03 4.159503957319502614e-32
1.677929292929292842e+03 3.269050686446733270e-32
1.698121212121212011e+03 3.133288162709311425e-32
1.718313131313131180e+03 2.559582717002212848e-32
1.738505050505050349e+03 2.480507481604201608e-32
1.758696969696969518e+03 2.586095407431733094e-32
1.778888888888888687e+03 2.495026031293669365e-32
1.799080808080807856e+03 2.096626078714206402e-32
1.819272727272727025e+03 2.234191687776821457e-32
1.839464646464646421e+03 1.796275042391504175e-32
1.859656565656565590e+03 1.624979105194286192e-32
1.879848484848484759e+03 1.183008329086637959e-32
1.900040404040403928e+03 9.358966742592579521e-33
1.920232323232323097e+03 6.721342344371615784e-33
1.940424242424242266e+03 4.439860840998591431e-33
1.960616161616161435e+03 4.813950738002456068e-33
1.980808080808080604e+03 6.667284780027629904e-33
2.001000000000000000e+03 8.179194574960499101e-33
