2.000000000000000000e+00 5.686921093542319471e-15
2.219191919191919027e+01 1.698726790690078400e-20
4.238383838383838054e+01 3.873524824541951139e-22
6.257575757575757081e+01 3.689276574039774664e-23
8.276767676767676107e+01 6.647156749129761479e-24
1.029595959595959584e+02 1.735355394454803586e-24
1.231515151515151416e+02 5.786928282752683573e-25
1.433434343434343248e+02 2.297228730579031779e-25
1.635353535353535221e+02 1.038438404125408907e-25
1.837272727272727195e+02 5.181087206998014185e-26
2.039191919191919169e+02 2.790849309783904288e-26
2.241111111111110858e+02 1.588786811645094989e-26
2.443030303030302832e+02 9.410818053494139481e-27
2.644949494949494806e+02 5.724534854836923882e-27
2.846868686868686495e+02 3.539384773561139028e-27
3.048787878787878753e+02 2.212580747575949657e-27
3.250707070707070443e+02 1.395379439573638923e-27
3.452626262626262132e+02 8.893347665800879123e-28
3.654545454545454390e+02 5.751180403612895922e-28
3.856464646464646080e+02 3.791282837248184570e-28
4.058383838383838338e+02 2.557736753232860093e-28
4.260303030303030027e+02 1.771207400212047226e-28
4.462222222222221717e+02 1.259476128109429952e-28
4.664141414141413975e+02 9.199697650966339584e-29
4.866060606060605664e+02 6.884011674529733089e-29
5.067979797979797354e+02 5.269303737283735163e-29
5.269898989898989612e+02 4.101371173982807529e-29
5.471818181818181301e+02 3.241389930273455541e-29
5.673737373737372991e+02 2.587885484360650044e-29
5.875656565656564680e+02 2.079828635489121270e-29
6.077575757575757507e+02 1.673744718220599496e-29
6.279494949494949196e+02 1.348644261916453432e-29
6.481414141414140886e+02 1.085522307760989254e-29
6.683333333333332575e+02 8.730426677035486158e-30
6.885252525252524265e+02 7.028632766647821104e-30
7.087171717171717091e+02 5.669897300416333044e-30
7.289090909090908781e+02 4.596761402954790602e-30
7.491010101010100470e+02 3.755526374953572563e-30
7.692929292929292160e+02 3.092847303308027270e-30
7.894848484848483849e+02 2.571827297049346083e-30
8.096767676767676676e+02 2.157317329886033905e-30
8.298686868686868365e+02 1.825242434875653012e-30
8.500606060606060055e+02 1.555208024307589336e-30
8.702525252525251744e+02 1.332989395514995490e-30
8.904444444444443434e+02 1.147135354768079710e-30
9.106363636363635123e+02 9.895109155582365389e-31
9.308282828282827950e+02 8.532991188775602907e-31
9.510202020202019639e+02 7.367375227798020262e-31
9.712121212121211329e+02 6.351829456946344273e-31
9.914040404040403018e+02 5.484899812974235680e-31
1.011595959595959471e+03 4.739706381288692739e-31
1.031787878787878753e+03 4.104678485121679156e-31
1.051979797979797922e+03 3.567488885070663576e-31
1.072171717171717091e+03 3.111224301591410780e-31
1.092363636363636260e+03 2.727113449381489130e-31
1.112555555555555429e+03 2.402532707553173816e-31
1.132747474747474598e+03 2.126215468914128610e-31
1.152939393939393767e+03 1.890944526138531953e-31
1.173131313131312936e+03 1.687901308922732579e-31
1.193323232323232332e+03 1.511678563656097521e-31
1.213515151515151501e+03 1.358495813445969401e-31
1.233707070707070670e+03 1.222552346362818135e-31
1.253898989898989839e+03 1.102522608859077433e-31
1.274090909090909008e+03 9.964925639450834653e-32
1.294282828282828177e+03 9.045358275330931669e-32
1.314474747474747346e+03 8.232669321507925274e-32
1.334666666666666515e+03 7.523809331507433362e-32
1.354858585858585684e+03 6.883025852729523463e-32
1.375050505050504853e+03 6.312703213252822983e-32
1.395242424242424022e+03 5.796206292635540321e-32
1.415434343434343418e+03 5.325533293496678781e-32
1.435626262626262587e+03 4.908955340212244150e-32
1.455818181818181756e+03 4.520571557943752943e-32
1.476010101010100925e+03 4.172152375508444130e-32
1.496202020202020094e+03 3.854113939984021551e-32
1.516393939393939263e+03 3.577926841457805064e-32
1.536585858585858432e+03 3.324726122836371495e-32
1.556777777777777601e+03 3.108041982141795054e-32
1.576969696969696770e+03 2.916849670340851169e-32
1.597161616161615939e+03 2.738470948981594587e-32
1.617353535353535335e+03 2.568232869657457010e-32
1.637545454545454504e+03 2.405427375724859254e-32
1.657737373737373673e+03 2.245648859908684070e-32
1.677929292929292842e+03 2.093719148542790325e-32
1.698121212121212011e+03 1.948848706283244673e-32
1.718313131313131180e+03 1.816248195551299661e-32
1.738505050505050349e+03 1.697862849980865145e-32
1.758696969696969518e+03 1.594222827441631264e-32
1.778888888888888687e+03 1.512210925917291321e-32
1.799080808080807856e+03 1.446307789373231151e-32
1.819272727272727025e+03 1.398607397567503601e-32
1.839464646464646421e+03 1.363956672606165789e-32
1.859656565656565590e+03 1.335627717952654261e-32
1.879848484848484759e+03 1.305341425152719082e-32
1.900040404040403928e+03 1.270836914389689703e-32
1.920232323232323097e+03 1.222588986367438285e-32
1.940424242424242266e+03 1.159792892700011630e-32
1.960616161616161435e+03 1.084387167829205601e-32
1.980808080808080604e+03 9.994715136747684392e-33
2.001000000000000000e+03 9.085577366023709720e-33
